5.24785e-09	2.19382e-14	1.39357e-08	2.93984e-07	4.44165e-10	4.46079e-11	2.16128e-13	0.999995	3.91649e-10	4.98749e-06
0.0100349	5.33451e-09	0.985976	5.14645e-05	7.63396e-16	0.0036191	0.000198766	2.03051e-20	0.000119655	1.6986e-16
6.30739e-08	0.977802	0.0119628	0.00902147	3.22191e-07	0.000382074	1.54282e-06	0.000166382	0.000662411	6.26147e-07
0.999998	3.10902e-17	2.36533e-10	2.05147e-12	3.9204e-15	1.88737e-06	4.33097e-08	9.68555e-13	1.04993e-09	5.30818e-12
0.000110306	1.2104e-11	0.00849991	4.5863e-06	0.895947	1.17418e-05	6.00463e-06	3.35647e-05	0.000553035	0.0948334
7.49677e-10	0.998105	4.8359e-05	0.000192536	1.68303e-08	1.06213e-06	2.71582e-08	0.00114259	0.000500703	9.79463e-06
8.4763e-10	2.11455e-11	6.96112e-13	4.35087e-08	0.999872	3.80991e-06	5.96257e-07	1.24874e-06	2.95434e-05	9.30605e-05
2.02173e-13	1.79697e-06	1.70356e-06	4.74027e-06	0.000211947	6.39675e-05	2.8332e-07	8.61432e-08	2.67737e-06	0.999713
1.40131e-08	5.37936e-13	4.78195e-05	1.49534e-12	6.17977e-06	3.18169e-06	0.999902	5.23637e-16	4.09565e-05	2.0476e-08
4.40713e-12	2.73784e-14	2.12968e-10	1.10776e-08	0.00031214	2.23185e-08	7.68357e-10	0.000110525	6.6869e-07	0.999577
0.995574	5.99592e-18	0.000493569	4.87587e-08	6.87866e-13	0.00385086	1.27784e-10	1.97593e-14	8.15389e-05	4.1528e-15
0.000253073	1.20189e-07	0.382105	0.0025168	6.13307e-06	8.01157e-05	0.158904	2.03457e-10	0.456135	3.04035e-07
3.7865e-09	2.2465e-13	1.05571e-08	1.61902e-07	0.00048842	2.69396e-07	0.00365318	0.00113036	0.00038412	0.994344
0.999995	2.48735e-16	6.88466e-08	2.03853e-09	5.27788e-14	3.6954e-06	2.50981e-12	1.44482e-09	9.38344e-07	3.00627e-08
4.37869e-12	0.999784	1.86297e-06	6.62511e-05	7.51798e-11	2.86333e-07	5.81447e-09	3.02801e-10	0.000147318	5.1635e-08
4.63575e-08	6.06882e-12	1.10787e-07	1.38194e-06	6.40316e-09	0.99853	8.80793e-11	8.18044e-10	0.00146863	4.34571e-09
6.77244e-06	3.54154e-11	9.80341e-09	1.4053e-05	0.000135944	4.12163e-06	4.27156e-07	0.000939462	8.93403e-05	0.99881
1.8069e-06	6.39796e-16	2.65851e-09	1.28255e-05	1.18303e-12	7.88934e-11	5.43984e-15	0.999985	7.38978e-10	1.28388e-07
1.47843e-08	1.33231e-10	3.18869e-05	0.293962	1.20211e-10	0.699366	0.00334023	2.17374e-11	0.00329994	1.88764e-07
1.26156e-10	1.7624e-09	4.67154e-08	1.2198e-06	0.999437	8.85004e-06	2.71348e-05	1.78869e-06	3.28868e-05	0.000491483
4.95182e-08	1.07349e-11	3.01564e-12	0.000282986	4.75584e-05	1.07056e-06	1.79161e-14	0.000290725	9.07331e-05	0.999287
2.61612e-11	1.0959e-11	1.20347e-08	9.91513e-11	3.29161e-07	1.67753e-05	0.999983	1.75865e-14	2.8154e-07	7.23504e-09
4.27086e-10	0.000517304	9.68719e-05	0.000232876	0.0377545	2.63435e-07	0.673965	0.287151	1.68411e-05	0.000265829
1.38422e-07	1.02552e-13	1.82185e-06	1.17884e-06	6.98945e-06	0.999972	4.00103e-07	8.04978e-11	1.73811e-05	1.1349e-08
1.05391e-07	2.14365e-05	0.0171917	0.000174939	0.925787	4.17514e-05	0.00261547	0.00554581	0.00447667	0.0441456
1.0	7.90285e-28	1.21633e-13	4.26336e-22	5.06077e-18	8.27291e-11	5.08316e-12	9.13138e-21	3.82188e-12	1.20151e-21
8.34315e-08	2.22709e-09	2.96578e-08	2.25336e-05	1.8055e-06	5.54128e-07	9.18215e-11	0.950338	1.54614e-06	0.0496349
2.67643e-09	7.47468e-12	6.94664e-07	2.55268e-07	0.996298	2.17288e-05	1.09576e-05	2.00223e-06	1.47166e-07	0.00366584
1.0	1.58861e-17	1.65212e-07	1.33864e-07	1.68773e-16	8.33982e-09	4.39933e-14	1.91275e-09	1.07856e-07	3.81968e-10
2.16338e-12	0.998948	1.41884e-06	0.000518052	2.81622e-10	0.000144389	0.000337301	3.46935e-09	4.99844e-05	8.35488e-07
8.07688e-14	2.14708e-11	2.25798e-12	0.999913	8.88392e-15	8.50933e-05	6.13019e-14	1.5022e-07	3.09149e-07	1.69891e-06
1.99387e-10	0.911963	2.81586e-05	0.0788312	1.45426e-06	0.00224752	4.0966e-05	0.000290719	0.000187397	0.00640967
1.24305e-11	2.70966e-10	8.10946e-08	0.744141	1.90158e-06	0.255424	5.33619e-10	3.7585e-10	0.000431289	2.24644e-06
0.0188171	3.03543e-15	2.98184e-06	9.12655e-12	1.16009e-06	0.00647137	0.974695	1.6438e-09	1.22592e-05	3.16992e-10
1.04382e-07	3.86367e-10	3.07401e-06	1.54333e-05	2.74435e-09	5.18095e-07	1.4476e-14	0.999392	1.22787e-07	0.000588832
6.5783e-10	1.41975e-12	1.0	1.21711e-07	6.55146e-11	5.38667e-08	3.02294e-09	8.82892e-13	5.86765e-08	6.73951e-13
9.31058e-07	2.25077e-09	0.000234528	0.0330864	9.92932e-10	9.14643e-06	1.28919e-05	0.964539	0.00182406	0.000292633
2.69787e-14	0.997613	8.25034e-08	0.00184706	2.24327e-10	5.91187e-06	5.40141e-07	2.66519e-08	0.000532954	1.26434e-07
1.80974e-06	3.733e-05	0.912308	0.0873701	5.59748e-16	0.000249925	7.21755e-07	1.50086e-09	3.22442e-05	2.21574e-12
5.61988e-12	0.998263	1.38791e-06	6.01354e-06	1.22331e-13	5.86342e-07	3.1334e-08	1.08653e-10	0.00172871	4.68842e-09
2.28412e-07	0.987594	0.0114949	0.000375174	8.21416e-07	1.24631e-05	2.43463e-05	0.000107461	0.000309241	8.16059e-05
4.36468e-08	2.20603e-10	1.21349e-06	0.00034171	1.36913e-07	3.63349e-08	2.08137e-11	0.969292	3.59916e-08	0.0303653
2.47782e-16	9.2465e-13	1.31355e-12	2.90965e-08	0.998173	1.21998e-10	1.22271e-08	9.92507e-07	1.17482e-06	0.00182444
1.04972e-05	0.00518966	0.985882	0.000425655	1.42039e-09	0.000339316	2.86448e-07	3.28426e-08	0.00815298	7.39924e-11
5.70263e-10	0.00137501	0.000854267	0.952352	2.72742e-07	0.0404015	0.000718764	4.88411e-08	0.00403101	0.000266953
5.90179e-06	8.07195e-09	1.51689e-08	0.00173954	8.50939e-07	0.985935	4.71116e-09	2.13621e-10	0.0122985	1.97669e-05
8.63636e-15	0.240251	0.000510377	0.758672	7.53831e-10	0.000360866	7.08697e-08	1.71675e-07	0.000202182	2.84928e-06
1.45624e-06	0.000678922	0.948319	0.0174824	6.91569e-05	0.00203318	0.00874351	2.25437e-06	0.0226339	3.62647e-05
7.90109e-17	2.34513e-17	1.31288e-17	2.21123e-08	0.987344	1.33917e-08	2.08459e-13	7.75631e-11	2.28399e-06	0.0126538
3.10501e-10	1.58462e-12	8.84878e-09	4.83654e-09	0.999862	1.08487e-11	5.70745e-07	9.66855e-08	3.0961e-07	0.000136582
3.71707e-07	9.60344e-16	3.07051e-07	2.68877e-07	1.18849e-09	0.000362035	0.999637	3.37379e-12	3.21893e-08	1.73765e-08
1.82366e-11	1.0511e-14	3.91109e-11	0.999999	3.01519e-14	7.6629e-07	1.53878e-11	6.39854e-12	4.75441e-11	6.38169e-12
3.81322e-08	1.68234e-10	1.407e-07	7.56261e-07	0.00107443	0.99855	6.46385e-06	2.16519e-07	0.000347465	2.02949e-05
2.97278e-05	4.89116e-09	5.722e-08	0.0638529	3.30631e-05	0.934427	3.09386e-08	1.2378e-06	0.00158265	7.36004e-05
9.13244e-08	0.000178105	0.00322097	2.18281e-08	0.000280138	2.08995e-07	0.996114	1.23552e-09	0.000203377	2.70265e-06
0.998322	3.7946e-13	6.86331e-09	2.15339e-07	1.94591e-09	0.00167487	2.38716e-07	1.06097e-10	2.40779e-06	1.22629e-08
1.24601e-12	1.22519e-16	7.97948e-09	1.31933e-10	0.999966	2.73014e-09	1.83663e-09	6.60939e-11	5.65011e-08	3.44085e-05
4.77736e-08	0.998646	0.000302346	0.000836451	3.7769e-09	5.02515e-06	1.74069e-09	0.000121883	8.33437e-05	5.09189e-06
9.19011e-13	2.99149e-12	1.40584e-11	1.93415e-09	4.53377e-05	3.30188e-09	7.84349e-08	0.00405486	8.10211e-07	0.995899
0.305972	3.57485e-07	7.34429e-06	0.000926091	0.00838817	0.617167	6.12568e-07	0.0174503	0.0500363	5.1338e-05
1.79416e-15	1.23354e-12	2.39767e-15	1.70062e-07	1.45607e-11	4.69775e-12	4.11497e-15	1.0	1.11635e-11	1.63984e-08
8.59307e-08	4.68954e-11	0.000229301	3.47819e-07	2.04787e-08	0.000581325	2.35839e-09	2.29735e-12	0.999086	0.000103093
9.02196e-08	3.71381e-08	0.00241228	3.31489e-05	0.017233	0.00216487	0.133964	1.1012e-05	0.00351041	0.840671
5.83097e-06	0.000251579	0.983675	0.0109523	1.06356e-07	1.73222e-06	0.00137422	2.31449e-12	0.00373845	1.27382e-06
7.00787e-09	1.44578e-10	0.0134748	0.000968795	4.34018e-06	2.62699e-08	1.87211e-11	0.985009	0.000451078	9.15192e-05
4.16698e-09	0.000470307	2.42895e-05	0.0841894	0.882792	0.0158012	0.000181617	2.37255e-06	0.00308143	0.0134573
0.0084698	3.55967e-05	0.00656576	0.275362	0.0103393	2.36907e-05	0.689323	0.00880429	0.000969057	0.000107389
8.26546e-10	7.16207e-12	3.33497e-09	5.03786e-12	0.999807	1.48068e-13	2.48801e-08	2.44623e-09	1.9002e-08	0.000192982
2.54458e-11	4.06249e-11	1.90102e-07	0.998906	3.65274e-08	0.000913095	1.47963e-13	1.66737e-09	0.000176856	3.42584e-06
0.999998	6.385e-18	1.46104e-09	2.51892e-13	6.1151e-19	1.78004e-06	2.17286e-09	3.20118e-13	1.4504e-09	4.45378e-15
7.57816e-08	9.38997e-13	1.28186e-11	2.04132e-07	7.17475e-13	2.22377e-10	6.34369e-16	1.0	2.59465e-10	1.47732e-08
0.999983	1.60463e-19	1.66928e-06	2.41209e-12	2.02129e-16	4.77872e-06	1.34087e-10	3.20048e-17	1.05668e-05	1.66037e-16
0.00295165	1.16805e-12	0.996307	0.0007359	1.32163e-17	3.55347e-06	1.23648e-08	1.32713e-11	1.63708e-06	1.06909e-13
8.32782e-12	0.000114569	1.26451e-06	0.0298171	9.30772e-09	7.29854e-07	1.28306e-13	0.0353101	0.019124	0.915632
9.40803e-12	0.948546	0.000158071	0.000526653	2.40766e-08	3.89473e-05	4.81839e-07	4.98502e-08	0.0506313	9.90316e-05
4.7908e-15	1.78797e-07	1.34449e-09	1.04196e-09	1.31422e-05	2.35081e-10	2.49892e-06	0.999329	8.31427e-08	0.000655002
1.04681e-07	0.21631	5.0464e-05	0.356633	6.70269e-08	0.112268	3.55983e-07	1.11851e-06	0.314737	1.18161e-07
6.58757e-05	0.000591797	0.461818	0.00413022	0.00026737	2.51796e-05	5.17232e-05	0.0565978	0.250652	0.2258
3.88481e-08	0.00653053	2.08369e-06	0.0485761	0.00581192	0.0245788	1.24478e-06	0.000220603	0.0818011	0.832478
1.40516e-17	4.76134e-18	2.47796e-16	3.13523e-12	3.84105e-13	2.00563e-12	7.46889e-22	1.0	3.13079e-11	2.42343e-09
6.06238e-09	1.25074e-10	2.61438e-06	7.28213e-06	0.000773729	0.000594183	4.89749e-08	0.0593224	2.34425e-06	0.939297
2.38406e-08	3.00887e-16	7.28308e-06	3.19449e-11	8.98935e-08	0.000137997	0.999854	1.76475e-09	1.16461e-07	9.18463e-10
1.14278e-13	2.44404e-17	1.0	8.36914e-12	1.70726e-16	4.81312e-15	2.75863e-07	4.67096e-20	3.10721e-08	2.20471e-16
7.14443e-12	9.40198e-13	5.53715e-10	2.6726e-08	6.31224e-08	6.60813e-09	1.8846e-13	0.999777	8.47065e-09	0.000222902
3.08488e-05	4.93122e-10	8.71656e-05	6.94721e-08	9.43213e-06	0.109688	5.18487e-09	8.40657e-09	0.88908	0.00110447
1.86698e-15	2.18104e-13	2.69908e-14	9.16172e-10	0.999877	6.91415e-09	9.72767e-09	9.18879e-14	3.33631e-05	9.00391e-05
1.26306e-14	9.52806e-11	5.91621e-10	4.30637e-10	9.05248e-11	1.11657e-13	1.04216e-14	0.999999	1.64883e-09	5.46624e-07
2.04594e-10	6.71261e-14	1.21897e-08	0.056749	1.46801e-06	0.943164	1.71296e-06	1.01799e-07	8.33221e-05	1.44064e-07
2.8287e-11	4.54898e-17	7.48577e-09	3.60645e-14	2.50724e-08	1.12548e-12	1.0	2.41031e-14	6.58108e-11	1.25675e-12
7.42481e-11	0.999597	0.000328308	9.05632e-06	2.05224e-09	9.6537e-06	5.47193e-07	5.69288e-07	5.37342e-05	1.1547e-06
9.18153e-08	3.16362e-09	1.60245e-09	0.999921	1.14233e-10	6.66996e-05	6.35848e-14	1.41149e-06	1.09122e-05	5.82953e-08
5.49406e-14	3.38015e-11	2.80774e-06	7.23936e-10	2.11172e-09	6.77609e-10	0.999997	1.67788e-14	3.01082e-07	3.87997e-10
2.40588e-07	1.04621e-05	0.00892586	0.000403725	0.0795873	0.0143606	6.54762e-06	0.000497045	0.239387	0.656821
1.65827e-12	1.59481e-11	7.86303e-13	0.999905	4.95054e-13	5.42164e-05	1.83985e-16	4.61618e-07	3.92469e-05	8.4502e-07
7.84929e-20	0.999788	2.05834e-07	4.38486e-07	3.46235e-11	7.1769e-09	7.13542e-06	6.33789e-11	0.000204644	3.16737e-09
8.39373e-12	2.08843e-10	7.98319e-09	1.61151e-12	0.998361	1.47979e-11	9.61489e-05	1.33626e-06	9.35618e-06	0.00153209
7.52355e-11	0.96198	0.000138718	0.00585352	1.22279e-05	0.00638998	3.63196e-06	0.00186616	0.014673	0.00908223
6.50772e-11	7.85196e-05	0.000859564	0.000145102	1.78715e-06	0.000218537	0.000324249	0.478621	0.51939	0.000361465
1.41056e-08	1.25184e-13	2.86245e-07	1.61018e-13	9.27623e-10	2.95673e-08	1.0	3.34639e-13	1.31793e-07	1.31898e-11
6.92451e-15	3.19103e-10	6.59219e-10	2.83568e-09	6.58476e-07	1.58419e-12	1.03501e-12	2.12865e-05	3.43574e-08	0.999978
2.11831e-06	1.90845e-06	8.74571e-05	2.8178e-06	1.53679e-07	3.76914e-08	0.999905	8.20508e-10	3.31502e-08	8.5098e-09
0.99273	4.31081e-16	3.06687e-07	1.1511e-08	4.15803e-10	0.00618221	4.88722e-12	1.88423e-10	0.00108716	1.38245e-11
4.13254e-12	6.1682e-15	1.09259e-14	2.23145e-08	4.54661e-07	0.999389	1.06226e-14	3.65011e-07	0.000602811	7.11079e-06
1.01521e-10	1.72113e-13	9.67144e-08	1.84476e-08	0.999875	6.83574e-11	7.46137e-08	2.57595e-07	2.0602e-07	0.000124212
3.16265e-08	1.93462e-08	4.4748e-06	0.000526435	0.000293715	2.33637e-05	8.37086e-08	0.000688412	4.46696e-05	0.998419
2.64967e-08	1.38878e-10	5.23157e-05	1.58319e-06	0.000371938	5.67769e-07	1.53228e-06	0.000494485	1.73557e-05	0.99906
4.14141e-05	1.01543e-17	0.987884	0.0120615	1.21837e-11	1.51412e-07	1.84617e-07	3.29971e-12	1.32084e-05	3.67829e-14
1.05703e-05	0.987421	0.000840261	0.00115157	1.48552e-10	1.7501e-05	7.84436e-05	1.15479e-08	0.0103878	9.27565e-05
5.66145e-12	2.78535e-11	3.31118e-13	1.6725e-05	0.000539617	0.000610902	1.27479e-10	4.7562e-08	2.66833e-06	0.99883
1.93552e-10	2.24117e-09	8.53921e-10	6.37199e-07	0.99781	4.31322e-11	0.000126766	0.00164373	2.07654e-05	0.000397625
2.83906e-06	0.000412647	0.00487259	0.0564305	3.82206e-08	0.00931889	2.90158e-09	4.65384e-08	0.928713	0.000249009
3.82017e-10	0.369585	0.000582911	0.00302232	2.42599e-09	1.04567e-05	3.32526e-09	0.621833	0.000905835	0.00406132
5.39523e-05	1.29358e-06	3.33921e-07	0.896593	1.58887e-07	0.0741346	7.43611e-08	9.95236e-08	0.0291535	6.32032e-05
1.55092e-11	1.3647e-09	2.86937e-06	8.42644e-09	3.39479e-05	2.12367e-09	6.9721e-08	0.000356123	5.22658e-05	0.999555
1.54034e-09	1.48346e-05	0.160501	2.68357e-06	0.00024529	1.90035e-06	0.000120456	0.835127	0.000349614	0.00363732
2.34789e-08	7.33858e-08	0.000134112	1.19548e-07	0.168397	3.1699e-06	0.806942	3.7228e-05	0.000893364	0.0235932
4.38292e-13	9.92744e-06	3.00454e-07	0.000222489	0.967206	5.65489e-06	7.03603e-06	0.00105081	0.000749671	0.0307482
2.41121e-11	1.67131e-10	6.07176e-09	1.13324e-08	0.990375	7.49933e-10	0.000335973	3.85216e-12	2.98203e-07	0.00928851
1.06622e-07	2.5513e-10	5.24629e-08	3.10988e-07	0.609486	2.62253e-06	0.00187227	0.000628089	0.000370659	0.38764
0.000820061	1.24003e-13	0.978316	5.32546e-06	3.47814e-06	0.00115691	3.80625e-06	0.000217076	0.0100208	0.00945623
4.4048e-09	3.52938e-16	2.22045e-08	0.132593	6.10939e-07	0.860686	1.28955e-09	1.81724e-11	0.00672096	1.69423e-08
0.000727909	1.19299e-10	0.00281168	1.60077e-09	0.880101	3.18109e-06	0.071008	0.00249593	0.0418671	0.000985059
1.83683e-11	2.18352e-07	4.06348e-07	8.40087e-05	0.000260569	3.72257e-07	1.63824e-08	0.999626	2.44267e-08	2.83392e-05
1.70408e-07	1.12606e-06	3.82866e-06	1.79487e-07	0.00292283	3.414e-07	0.996822	8.25323e-07	0.000247434	1.39354e-06
4.7805e-15	1.62986e-13	2.53592e-17	9.07841e-09	0.554152	2.21461e-06	5.35556e-07	0.00121522	0.00274171	0.441889
7.56171e-10	7.44091e-06	4.67637e-05	2.54776e-05	0.0686682	3.79599e-08	5.13955e-07	1.0607e-06	0.00208033	0.92917
0.0204757	1.52585e-14	0.196113	0.782614	8.679e-13	0.000777444	3.48201e-10	1.59295e-05	3.91255e-06	3.19582e-08
1.34777e-05	1.98041e-11	5.86038e-10	2.92262e-09	1.23685e-07	0.999196	3.90005e-07	1.51613e-10	0.000789585	8.06238e-07
5.19527e-12	5.64066e-13	2.35627e-08	1.18843e-05	6.39568e-09	0.0162563	7.10097e-15	1.50849e-09	0.983415	0.000316481
0.00296358	8.75961e-10	3.56423e-07	0.000351838	3.61827e-07	0.992492	3.41033e-08	9.24953e-09	0.00414575	4.57283e-05
6.89417e-15	1.68332e-17	1.47317e-09	1.15542e-15	1.42546e-09	4.21418e-11	1.0	4.43823e-14	1.75505e-09	2.14388e-10
1.39156e-14	1.7422e-19	1.98358e-07	5.4304e-13	9.03267e-11	1.01778e-10	1.0	3.945e-18	3.04602e-10	7.96955e-12
9.25235e-11	5.91039e-13	6.57082e-06	0.0029247	1.62012e-10	0.994247	1.25264e-07	1.14623e-12	0.00282113	5.8411e-08
7.00263e-11	4.27819e-13	0.00366916	3.21387e-05	4.96744e-08	2.59245e-14	5.75447e-07	0.995967	5.00446e-05	0.000280832
3.37063e-10	2.04213e-08	7.72601e-09	4.54036e-06	8.9326e-08	1.90556e-05	4.49176e-12	2.16851e-11	0.999976	6.66181e-08
1.13839e-12	0.999444	7.5823e-07	1.51151e-05	3.20747e-13	6.54857e-09	2.54835e-08	7.7459e-11	0.000539944	7.46406e-10
0.999631	3.29803e-14	4.23351e-06	3.4109e-07	2.38947e-08	0.00026794	9.74903e-07	2.70172e-11	9.54195e-05	1.17308e-09
2.96475e-11	0.99278	0.00023088	0.000156067	4.00203e-12	2.24088e-07	2.75903e-08	2.9809e-09	0.00683209	5.2851e-07
3.2284e-11	1.17503e-14	1.66918e-05	2.81327e-10	2.81876e-09	6.76234e-10	0.999983	1.24867e-11	1.98944e-08	1.02527e-10
4.56309e-08	1.55204e-09	0.000773671	1.52014e-09	0.77692	4.40447e-07	0.00016051	0.000498025	0.181526	0.0401222
2.8972e-06	2.16864e-11	1.30043e-05	3.50678e-09	2.71175e-07	0.000439545	0.999543	1.68098e-08	7.64079e-07	3.33741e-10
2.81409e-08	4.2236e-11	4.26002e-07	3.06365e-06	9.11247e-08	1.82816e-08	8.15377e-14	0.999996	1.38285e-08	7.9886e-07
2.22074e-12	6.47894e-12	7.94384e-06	0.999067	4.77748e-09	1.02035e-09	6.26511e-15	0.000925272	6.16231e-08	1.56488e-07
5.49782e-09	0.999786	0.000164194	1.56401e-05	1.47497e-11	3.44299e-07	6.77376e-08	3.40731e-07	3.36152e-05	4.02441e-08
6.80521e-09	2.84026e-10	0.0335534	1.67294e-06	1.92322e-06	5.72434e-09	2.78284e-09	0.948097	2.71889e-06	0.0183436
8.54478e-12	0.990732	1.90324e-06	0.00839305	3.18628e-09	0.000494627	5.94061e-05	9.682e-07	0.000309145	8.72312e-06
1.88916e-08	8.78487e-09	6.33012e-05	1.44404e-07	6.97272e-08	0.000944388	1.56367e-07	1.19651e-08	0.998988	3.47817e-06
6.73793e-15	3.48146e-15	1.0	2.50117e-09	6.43163e-12	4.66221e-13	2.52646e-10	1.32141e-19	2.98754e-09	2.23277e-15
0.999997	3.55563e-15	5.21203e-07	9.41132e-09	1.77061e-11	1.39304e-06	4.76836e-07	5.64402e-12	1.74041e-07	3.32454e-10
6.20115e-08	0.00484119	0.00439967	0.00174693	0.0201085	8.99571e-06	6.75889e-07	0.000180427	0.941527	0.027186
7.95899e-08	1.60373e-10	0.00168667	0.000106943	0.045614	0.0145523	3.19991e-05	1.58146e-06	0.0840046	0.854002
0.000669732	1.88505e-09	0.00802241	0.00012005	6.61112e-06	5.98962e-06	4.84338e-11	0.000400065	0.000633235	0.990142
0.00588632	4.39108e-10	5.83414e-05	5.43435e-06	6.16928e-06	0.973564	3.24017e-08	3.91667e-05	0.0196811	0.000759469
6.64486e-08	1.9207e-06	4.57124e-05	0.0379843	1.74813e-07	0.919019	3.06036e-10	3.07973e-07	0.0397102	0.0032387
9.24869e-10	0.998226	3.35885e-06	0.00125561	7.16227e-07	2.2489e-07	0.000252504	0.000185639	1.21117e-05	6.40891e-05
3.59916e-09	1.35419e-12	3.95352e-11	2.26533e-10	2.88928e-06	0.999901	4.21734e-05	3.82584e-14	5.37967e-05	8.59708e-08
8.44333e-10	4.88848e-16	0.000886696	4.15501e-08	0.72491	0.000154055	0.273989	2.19759e-06	6.72687e-07	5.70399e-05
0.999383	7.73058e-13	5.06081e-07	2.02428e-08	3.29837e-10	0.00045203	0.000163018	2.7447e-08	8.34884e-07	3.53795e-07
3.6626e-07	2.01824e-09	0.00187875	0.998118	2.98679e-15	3.51905e-08	3.16146e-06	2.17563e-09	2.0922e-09	3.87352e-11
2.66734e-06	0.00720271	3.29957e-08	0.00600303	0.489413	0.000627568	0.082291	0.000563973	0.00824424	0.405652
1.01917e-12	2.94141e-12	8.16491e-08	8.20488e-10	0.99999	1.71444e-08	4.34072e-09	1.38759e-06	2.55828e-06	5.4251e-06
3.21937e-09	8.22466e-20	4.26545e-09	1.06055e-12	1.22529e-10	3.47903e-07	1.0	3.32769e-14	8.82748e-12	2.6421e-13
2.2115e-07	1.88608e-17	8.08556e-09	2.10584e-07	9.37096e-12	0.999955	5.57836e-16	4.19384e-15	4.47854e-05	1.02913e-11
7.69671e-14	8.4231e-15	2.08277e-10	5.04834e-07	0.999757	1.63588e-11	7.59655e-07	5.24718e-07	7.9791e-10	0.000241771
3.84659e-13	9.29898e-14	1.27735e-06	1.19331e-10	4.69158e-07	1.38174e-10	0.999998	9.60416e-09	9.17756e-10	3.232e-07
1.04041e-07	1.06063e-15	3.86853e-09	0.000788956	1.99231e-09	0.998663	9.7723e-09	6.85915e-14	0.000548272	1.00655e-07
9.03862e-06	3.4038e-07	0.000776858	4.48451e-05	0.717589	5.46709e-05	5.92917e-06	0.0376301	0.0140625	0.229826
2.73337e-05	0.00106195	9.51554e-08	1.11565e-06	0.000747393	0.995511	0.00165459	8.40371e-05	0.000777235	0.000135202
1.36677e-13	0.999201	7.14212e-07	0.000509663	1.42318e-11	5.09312e-07	5.4602e-06	9.57923e-10	0.000282331	2.24854e-09
8.44382e-11	7.99491e-10	1.84443e-09	2.63876e-05	0.999351	5.01717e-05	3.03103e-07	1.15323e-06	0.000155351	0.000415761
4.87587e-10	9.96069e-10	8.90518e-07	2.65747e-06	0.987546	0.00032647	1.62171e-07	2.62945e-07	0.000929564	0.011194
5.70292e-14	5.6708e-09	2.66918e-05	4.92494e-05	3.85111e-13	3.87671e-14	1.53038e-14	0.999683	4.13119e-07	0.000240779
0.00444243	6.11047e-09	0.345668	0.0202148	1.45478e-13	0.624121	1.27432e-08	3.77525e-18	0.00555392	4.523e-11
0.000809363	4.1478e-09	4.36618e-08	0.997192	1.81061e-08	0.00140317	6.3812e-10	0.000537266	5.79006e-05	4.34529e-08
4.04853e-11	2.23219e-08	0.999896	1.81892e-08	5.842e-10	1.25668e-11	1.8684e-07	4.21816e-12	0.000104188	1.61634e-09
8.54691e-05	0.126574	0.0193767	0.0458995	0.00125462	0.27818	5.75425e-06	0.0665935	0.00553162	0.456499
9.50729e-08	0.999142	0.000423801	0.000134763	8.58208e-09	1.00596e-05	2.46951e-06	1.57625e-06	0.000285409	2.78924e-07
3.1515e-09	2.37387e-07	0.0114834	0.0202544	0.223209	0.000627889	0.000419383	0.000888675	0.712988	0.0301283
4.88667e-10	0.997378	1.03647e-05	0.00255018	4.99163e-11	5.93098e-08	8.2824e-08	1.00348e-06	5.98777e-05	4.02947e-08
4.93737e-10	2.19886e-07	3.94033e-05	3.15003e-05	2.37609e-11	0.00075736	8.13637e-13	8.54755e-10	0.999171	7.48967e-10
2.05536e-09	0.999264	1.37122e-05	0.000582651	9.52261e-09	4.38992e-07	1.10535e-06	0.000100049	2.4649e-05	1.35218e-05
5.31675e-13	5.72998e-06	0.0343304	2.92072e-05	7.70078e-10	0.000118553	1.71154e-07	6.65527e-12	0.965516	1.85319e-09
9.41886e-07	4.53307e-07	1.5856e-06	0.000120965	1.68118e-05	0.877013	3.07627e-05	1.20422e-09	0.122807	8.84774e-06
0.999755	8.32684e-21	3.58055e-07	1.00685e-08	1.03163e-18	0.000243725	4.55522e-10	7.8183e-18	4.96591e-07	4.059e-20
1.27566e-07	1.46671e-06	6.50424e-06	0.000326719	8.24122e-08	0.000230426	3.28559e-07	8.70377e-11	0.999434	3.65059e-07
4.31149e-08	1.9425e-06	1.21787e-05	2.0339e-06	0.25773	2.23983e-07	0.00768487	2.12323e-05	0.162488	0.572059
5.00773e-11	5.69982e-08	0.998936	0.00102655	5.93909e-22	1.23572e-07	4.9178e-09	2.94646e-15	3.7188e-05	8.23378e-16
6.26092e-07	1.01144e-14	3.68372e-05	0.0659204	6.78425e-11	0.927868	1.24122e-10	6.4186e-13	0.00617454	2.29905e-08
0.999998	1.15883e-23	6.79909e-14	1.8402e-16	8.10811e-20	1.81017e-06	1.83328e-17	3.27483e-17	6.63864e-09	1.65655e-16
5.03933e-10	0.957718	8.13362e-05	0.0324215	1.08609e-05	0.0058329	8.82622e-06	9.93942e-06	0.00259366	0.00132264
2.67741e-13	0.998817	8.29025e-05	3.12352e-05	8.09045e-10	6.21987e-10	2.92803e-09	5.51877e-06	0.0010555	7.57577e-06
6.31372e-10	0.966369	3.48833e-05	0.0103651	4.59605e-06	0.00966851	5.97114e-07	5.90264e-05	0.0134637	3.41649e-05
0.992664	2.26435e-14	1.72374e-08	9.56329e-07	1.68665e-06	0.00733351	2.44451e-07	9.12007e-10	3.57335e-08	6.95865e-10
2.41999e-13	1.2393e-08	3.11224e-07	9.62801e-06	0.990867	2.29256e-06	1.22231e-06	0.000921118	7.87624e-06	0.00819096
0.999464	1.58886e-16	3.35538e-06	6.55087e-05	4.85108e-11	0.000464012	1.8258e-11	2.34409e-07	1.11877e-06	1.74299e-06
1.24566e-08	0.000296058	0.0601953	0.0574418	0.000993468	0.0519336	0.00240124	0.000121171	0.787727	0.0388907
1.33558e-11	0.91117	3.12271e-06	6.15227e-06	2.07374e-11	7.2925e-07	6.26784e-06	2.47583e-10	0.08881	3.32032e-06
1.4716e-13	9.04115e-15	3.95102e-09	2.26773e-13	3.83417e-11	3.57399e-11	1.0	2.31026e-19	4.26974e-09	2.01113e-10
2.63241e-12	5.0056e-14	3.41967e-10	4.4432e-07	0.991866	1.8689e-05	2.44193e-08	0.00146692	3.46139e-05	0.0066133
8.79493e-13	4.09911e-13	0.999838	0.0001614	2.2347e-16	7.24012e-14	3.18694e-12	2.51404e-12	6.07713e-08	2.01843e-11
8.5084e-11	1.6244e-17	0.000268756	0.999687	3.76591e-19	4.43881e-05	2.828e-13	1.38134e-17	2.57241e-07	2.30936e-14
7.62816e-06	2.21534e-10	4.89977e-06	9.47004e-12	9.403e-10	1.35493e-11	0.999987	6.00095e-13	8.16029e-08	2.83624e-10
3.93853e-10	0.99968	0.000144643	0.00016371	3.54458e-09	1.4588e-07	3.41917e-09	1.81933e-07	4.80384e-06	6.81861e-06
1.23361e-07	0.991221	3.58826e-06	0.00840685	4.84432e-09	0.000194258	1.94546e-05	8.66539e-05	6.45844e-05	3.42587e-06
7.36751e-07	0.980914	0.0109872	0.00590797	1.46522e-07	0.000303817	7.73483e-07	0.000670444	0.00121089	4.05068e-06
2.13824e-09	0.000270474	8.01779e-07	0.987735	1.53145e-05	0.00148239	4.56414e-05	1.24984e-08	0.00356704	0.00688348
5.46482e-11	2.33462e-11	2.01516e-12	6.15691e-08	0.000484087	0.00150548	4.20147e-09	4.67695e-07	5.40207e-05	0.997956
1.08026e-06	3.03873e-16	1.66113e-12	9.54034e-07	1.46573e-11	0.999997	2.13193e-09	1.41866e-12	5.17012e-07	2.02445e-08
6.77679e-14	1.69811e-13	1.0	2.17783e-11	4.58559e-13	4.55364e-15	2.77642e-10	1.0183e-17	1.10729e-10	4.99515e-15
1.43143e-14	2.37601e-10	3.87975e-14	7.52711e-06	0.000481726	0.000196709	7.59251e-12	2.87276e-06	3.17765e-05	0.999279
0.000182319	3.86763e-09	3.30391e-08	9.63775e-06	0.102303	0.00590496	4.82778e-06	0.886931	8.28894e-05	0.00458125
0.991591	8.34068e-10	1.17343e-08	1.10641e-05	6.91686e-06	0.00315064	9.40256e-10	0.00187972	0.00221476	0.00114626
9.27436e-15	3.21148e-10	9.34833e-11	1.04903e-05	0.00164147	6.97227e-08	1.54518e-10	2.07369e-05	7.24003e-08	0.998327
9.85576e-06	4.11615e-05	3.77871e-06	0.980924	9.0367e-08	0.000106798	9.24987e-11	0.000859209	0.00727009	0.0107848
2.26508e-12	1.23882e-11	9.73392e-09	2.04637e-05	0.0511428	4.90719e-06	9.68627e-09	6.47846e-06	0.000242189	0.948583
0.992667	2.58598e-16	2.65344e-05	2.19096e-07	4.53703e-07	0.00620437	1.65809e-07	2.26093e-06	0.00109842	5.54725e-07
1.09339e-11	6.81018e-10	1.59065e-06	0.999982	9.96622e-11	2.85573e-06	1.74801e-14	6.30474e-09	2.50289e-06	1.08848e-05
0.000623295	3.31937e-09	3.13719e-06	6.45744e-08	3.39421e-07	0.329926	0.605415	7.47267e-14	0.0640323	1.31455e-10
7.7606e-05	5.66541e-09	1.07447e-10	8.74623e-05	9.63352e-07	0.813264	9.5714e-10	0.186423	0.000147139	3.88051e-08
2.15816e-05	3.80491e-13	1.06267e-11	0.272877	3.91088e-12	0.727099	7.1609e-13	4.49843e-11	2.01143e-06	5.04358e-08
2.1557e-09	1.20721e-12	5.85193e-12	6.06296e-07	4.80281e-08	1.52532e-06	1.38408e-13	0.981239	2.53747e-06	0.0187562
4.11509e-05	1.97193e-12	0.999907	5.12265e-05	1.49159e-10	5.13075e-09	1.278e-07	1.73865e-12	2.83024e-07	1.22298e-08
1.27389e-09	6.96715e-17	1.0	2.65464e-09	1.10622e-11	2.92946e-09	2.15177e-12	2.9384e-12	3.23296e-08	1.53709e-10
4.56891e-09	4.4349e-13	1.09083e-07	1.87737e-07	2.99345e-10	4.08449e-10	8.59367e-16	0.997203	2.4535e-10	0.00279651
1.49165e-05	0.971634	0.0204592	0.000439307	8.46861e-05	0.00237906	3.90935e-05	0.00375514	0.00103151	0.000163048
3.41992e-07	7.36105e-08	0.996189	0.000609532	2.28371e-10	1.96035e-07	1.68824e-12	1.04229e-09	0.00320124	4.28218e-11
5.64521e-16	3.14374e-07	2.49544e-09	0.00047535	1.26269e-06	1.65957e-05	1.40994e-12	0.000221231	0.999119	0.000166605
3.65613e-08	1.21824e-06	0.000168743	0.00142499	0.592944	2.9299e-05	0.00156323	0.000109048	0.128648	0.275112
3.35787e-11	0.999631	0.000126806	0.000209161	2.75803e-12	5.89587e-07	4.98397e-08	1.43939e-06	3.09579e-05	5.28875e-07
4.83354e-07	3.7175e-08	7.63182e-06	1.53785e-05	6.38502e-07	8.22987e-08	4.05317e-09	0.976643	2.98747e-05	0.0233029
1.05628e-07	5.19163e-05	0.000314662	0.99962	2.04024e-12	9.77021e-06	8.82435e-07	1.91848e-06	3.2477e-07	5.2041e-08
2.76836e-05	0.537265	0.00788709	0.126861	4.22391e-08	0.00619014	3.89205e-08	4.6524e-06	0.321761	2.99553e-06
1.16828e-11	1.87282e-08	9.00547e-05	4.81596e-08	3.26809e-09	0.00389575	2.2046e-05	9.83637e-17	0.995992	1.93242e-09
1.30239e-09	1.72987e-10	1.6478e-07	2.88662e-05	2.38733e-08	0.000273605	9.59881e-12	0.185065	0.759359	0.0552733
4.09657e-06	1.71533e-06	0.00042876	0.00354254	1.67448e-05	0.000275657	8.4391e-08	0.758055	0.00145021	0.236225
0.00129879	1.28346e-09	0.00146399	4.31974e-07	0.000183619	0.000218313	2.5626e-07	0.0639013	2.15378e-05	0.932912
2.21061e-11	2.03782e-09	0.994519	0.0054655	1.71975e-10	6.28043e-10	1.30317e-06	1.2963e-05	9.9201e-07	2.76119e-07
2.61546e-08	0.00105032	0.994457	1.42787e-06	2.24272e-08	1.18757e-07	0.00445811	3.81642e-11	3.30627e-05	6.32653e-09
1.4916e-12	4.29219e-12	2.86164e-10	1.94426e-11	0.995599	4.31432e-10	2.66734e-05	2.47619e-10	3.99087e-07	0.00437386
2.22838e-11	0.999434	1.01485e-08	0.000560398	2.85902e-09	8.00492e-07	1.4356e-07	2.77958e-06	2.22543e-06	5.32639e-08
2.36196e-08	1.94348e-06	6.20892e-07	0.000271267	9.02334e-10	0.967448	1.1946e-10	8.52268e-12	0.0322777	5.22151e-07
1.12693e-06	1.44492e-11	0.0181593	0.199968	0.000100359	0.136761	1.08108e-08	0.000255479	0.643526	0.00122827
8.42662e-07	8.53305e-14	9.8237e-08	1.85395e-11	1.50853e-08	1.12662e-06	3.49014e-10	3.81564e-09	0.9988	0.0011982
8.8866e-11	0.000125959	7.52752e-07	0.0018818	0.140381	1.40864e-07	0.748356	0.107699	0.000351397	0.00120411
1.70622e-07	5.38536e-05	0.99907	0.000695985	9.29467e-10	4.66833e-06	5.28327e-05	0.000112443	7.03267e-08	1.01239e-05
0.000265118	1.35676e-06	4.41998e-07	0.0919747	2.49609e-06	0.105581	0.747961	2.7116e-08	0.0542143	6.67897e-10
0.999922	1.56831e-17	7.81323e-05	1.3736e-11	5.88514e-17	7.37206e-09	1.24291e-08	6.79552e-18	1.09994e-07	7.11807e-16
7.30774e-10	3.68402e-06	0.0300572	0.0181879	0.000571537	3.41419e-05	0.532525	1.63262e-06	0.418494	0.000124039
1.82561e-12	2.70776e-15	4.82815e-12	1.70489e-13	0.999998	2.74307e-12	1.42591e-08	3.76053e-10	3.36627e-07	1.38056e-06
3.88032e-08	0.0244085	0.965946	0.000139522	6.86483e-10	5.8517e-08	0.00240359	3.27605e-09	0.00710196	3.35202e-11
3.90919e-14	1.4955e-11	8.40384e-10	0.0001826	0.885602	6.5709e-05	3.54229e-09	4.98121e-06	0.00738055	0.106764
2.11954e-08	0.930922	0.000291582	0.0436138	4.16497e-07	0.0147843	0.000131335	8.53779e-06	0.0102382	9.71627e-06
4.06844e-15	2.17145e-10	2.81335e-13	3.60398e-10	4.73338e-05	7.71423e-10	7.14558e-11	6.93663e-06	2.21685e-05	0.999924
9.76824e-09	1.20623e-07	4.9346e-09	0.000309002	2.01851e-07	0.999398	3.01605e-07	2.28573e-07	0.000277047	1.54031e-05
8.58006e-10	1.72043e-08	2.16393e-08	0.00061265	1.14283e-10	2.09168e-09	5.95585e-12	0.999326	2.25778e-06	5.86107e-05
5.62583e-12	8.22432e-08	1.34787e-06	0.179254	6.86084e-06	8.52359e-07	1.08284e-08	0.818651	3.09326e-05	0.00205484
3.05144e-11	0.000666121	0.996339	0.0029471	6.63409e-15	3.49418e-07	2.83489e-09	8.43193e-12	4.78056e-05	7.16767e-12
2.68443e-09	0.145264	0.0380289	0.00160479	1.97296e-12	5.58754e-05	0.000138526	1.61748e-11	0.814907	6.9591e-07
8.27379e-10	1.60053e-13	0.999967	3.80003e-09	2.27199e-12	1.65013e-14	3.24213e-05	1.28401e-14	8.48206e-07	5.18705e-14
0.999134	7.1393e-12	2.98702e-08	4.76027e-08	1.28969e-11	5.05154e-05	0.000814251	3.16302e-08	1.76373e-06	2.79042e-11
4.57467e-10	1.14218e-10	1.36521e-07	8.5443e-12	1.23323e-10	0.000138639	3.96359e-10	7.55857e-09	0.99986	1.31135e-06
6.26136e-06	0.0678232	0.00227946	0.814573	1.07288e-12	0.101502	1.13907e-09	0.000165701	0.0136504	2.04915e-07
2.24615e-15	8.88443e-10	7.85647e-13	7.6705e-09	3.70936e-10	3.85546e-14	1.30611e-14	1.0	2.56186e-12	2.95983e-08
3.78935e-12	1.93382e-09	1.37639e-09	1.25963e-08	6.49243e-09	3.16323e-10	1.67238e-13	0.999903	5.72929e-08	9.70729e-05
1.45137e-10	0.316713	7.20445e-06	0.0010874	0.00112956	0.00399146	6.66722e-06	1.94179e-08	0.0225818	0.654483
9.4117e-15	0.999663	5.84127e-07	5.22741e-05	4.16383e-12	4.46151e-08	3.52375e-07	7.74268e-11	0.000283849	6.14415e-09
0.0032906	4.0621e-11	1.36304e-06	0.000155084	3.46791e-08	0.139209	6.10254e-06	7.07129e-11	0.857336	1.92819e-06
9.38322e-17	0.999991	2.07317e-08	7.73895e-06	4.6626e-11	3.58985e-10	6.05042e-08	2.06766e-10	1.24415e-06	1.11286e-09
8.60501e-11	2.71919e-11	2.90925e-05	0.0256822	0.00170418	0.00089258	2.59844e-08	1.68016e-08	0.971623	6.86992e-05
0.999993	7.25463e-16	4.93803e-06	2.24539e-07	1.61368e-18	2.17538e-06	2.66904e-12	2.7017e-09	5.57574e-10	1.2933e-13
5.13306e-12	1.23136e-10	8.08029e-09	0.998838	4.58871e-12	0.000847038	3.13957e-13	4.6651e-12	0.000315441	2.42538e-08
0.999071	1.35463e-15	9.37572e-07	2.72338e-07	2.21484e-10	0.000925832	8.94626e-08	3.36597e-09	1.38873e-06	3.11436e-08
2.3203e-10	0.989755	1.25036e-07	0.0100783	2.85751e-09	3.69009e-05	1.36133e-06	5.67354e-05	6.37379e-05	7.32263e-06
5.30852e-11	3.41049e-10	2.30951e-08	1.44318e-07	4.67845e-06	5.5744e-09	4.23554e-08	3.49795e-05	0.00065452	0.999306
1.75975e-15	7.00293e-09	9.42959e-09	0.000629789	1.28384e-09	1.7622e-12	1.13237e-13	0.00196078	2.9306e-06	0.997406
1.10774e-09	4.18464e-13	3.82241e-06	2.14457e-06	0.940533	4.12914e-06	2.00047e-05	0.000221162	0.00322917	0.0559867
6.54763e-11	0.999897	4.31734e-05	8.40375e-06	3.43587e-13	3.73808e-08	5.16975e-09	1.44618e-09	5.11514e-05	2.14757e-09
5.26574e-13	6.36323e-09	1.90634e-08	5.15409e-05	8.00929e-08	7.39147e-08	6.69681e-12	5.90888e-08	0.883305	0.116643
4.03054e-08	1.10075e-11	0.969351	1.2187e-06	1.10473e-06	4.72683e-08	4.33084e-06	1.37547e-07	0.0306426	2.69399e-09
5.89858e-09	0.998879	1.20627e-07	0.000734705	1.00337e-08	1.64891e-07	5.15615e-07	0.000383064	8.22568e-07	1.60095e-06
1.55839e-06	0.0658305	0.642577	0.00389454	1.44777e-10	8.3917e-06	0.000478189	1.03028e-13	0.28721	1.78661e-10
1.49519e-13	2.39327e-13	2.69144e-09	3.03194e-10	0.000386852	6.10859e-11	7.60207e-07	4.15762e-06	0.00338401	0.996224
2.50617e-08	0.00267558	0.0441316	0.0116905	5.6012e-07	8.54024e-05	3.83147e-05	0.936358	0.00137366	0.00364622
7.38596e-06	2.37468e-10	2.95603e-09	3.60144e-05	1.59547e-06	0.999765	4.89052e-09	4.63875e-05	0.000143066	9.99869e-08
0.000519537	4.42094e-12	9.0429e-06	9.00051e-07	5.19977e-06	0.000133264	3.09178e-08	0.0013798	1.47722e-06	0.997951
3.08198e-13	2.71931e-13	0.999954	4.59265e-05	5.90864e-17	1.85946e-12	1.58527e-10	2.54411e-18	2.51288e-08	3.22786e-14
3.28303e-08	1.02703e-09	0.400305	1.13031e-06	1.24196e-06	0.000280854	0.583664	2.18317e-13	0.0157474	3.90942e-07
3.03847e-09	4.27471e-12	6.82501e-08	5.84935e-07	0.999934	8.87836e-08	3.62913e-06	2.17889e-10	3.34754e-09	6.13695e-05
1.85725e-09	0.975179	0.000149796	0.000287956	2.6646e-10	0.00103798	6.05684e-07	1.07891e-07	0.023315	2.95625e-05
3.3483e-11	3.90779e-09	2.52791e-07	5.36767e-06	2.69057e-05	0.994686	4.22208e-05	3.35779e-09	0.00523953	5.67906e-08
1.00812e-11	0.000386023	1.89687e-06	0.223003	0.637558	0.0562438	2.31151e-07	1.19535e-06	0.0337524	0.049053
2.99799e-05	4.74906e-08	0.998442	0.000469248	4.19831e-14	8.22786e-05	2.12507e-05	8.22445e-19	0.000955351	5.05049e-15
1.18115e-10	5.92681e-12	3.70627e-06	1.51513e-11	5.00451e-05	1.25095e-08	5.50129e-11	0.00584563	5.95492e-08	0.994101
4.96958e-15	6.85148e-09	1.0	2.77423e-09	9.53229e-10	7.75907e-15	6.32547e-09	1.05778e-14	1.37027e-07	1.81629e-08
0.999898	3.5452e-15	6.43822e-06	6.15055e-07	2.70247e-12	9.07045e-05	3.43216e-13	1.05102e-07	1.5367e-06	2.36262e-06
1.35471e-09	5.09928e-09	6.08541e-10	0.0104657	0.739978	0.000119708	5.78689e-10	1.144e-05	6.67827e-05	0.249359
0.999994	9.94277e-25	6.32307e-10	5.28258e-11	6.92853e-23	5.56383e-06	9.63266e-20	1.18001e-15	3.23103e-10	7.31239e-19
0.999908	1.25334e-17	7.3766e-09	6.68536e-11	7.94375e-17	9.23629e-05	5.43094e-10	3.3647e-12	7.79179e-09	2.51715e-15
9.14026e-06	1.2853e-10	0.997971	0.000637391	1.91997e-10	0.00137865	2.58944e-06	6.62828e-20	1.45622e-06	1.40785e-11
1.48763e-10	0.000354703	6.73968e-07	0.00151253	1.92358e-10	0.000221078	7.43642e-13	6.62681e-08	0.997906	4.63473e-06
0.00228241	0.0463792	0.000573956	0.0726224	0.0132099	0.124724	0.324221	0.000955002	0.101872	0.31316
4.58861e-16	6.15036e-10	0.000246488	7.17235e-06	9.3536e-07	6.62461e-11	4.35416e-06	0.999736	5.466e-07	4.42627e-06
4.7474e-14	0.999635	1.33199e-07	0.000246908	1.31394e-09	1.20211e-08	3.01328e-07	2.35266e-09	0.00011733	3.90636e-08
3.05065e-06	3.87494e-09	0.915332	1.81897e-05	5.6288e-06	6.59135e-06	0.0163961	0.000168803	0.000583324	0.0674867
1.4554e-11	2.39197e-05	3.32337e-09	0.000183735	0.909408	0.00069043	1.00805e-07	0.000114812	0.0434625	0.0461165
0.0782942	7.47542e-12	5.29106e-06	3.95572e-15	7.53818e-13	0.892112	1.03494e-13	1.03242e-13	0.0295885	1.81392e-11
1.35448e-09	0.000210366	0.998341	0.00139002	2.77107e-14	3.10318e-08	1.52164e-07	3.59722e-14	5.85594e-05	4.5863e-11
1.81683e-10	2.28987e-05	0.0370874	0.000183577	0.00233847	3.5891e-05	9.02929e-05	0.154353	0.00518917	0.800699
2.42056e-14	1.75277e-13	1.47359e-12	3.41873e-11	0.999389	6.20964e-09	6.22875e-07	4.3775e-08	0.000608032	2.54456e-06
1.92121e-08	0.000167387	0.00135744	0.997874	2.19239e-11	1.39598e-05	6.70756e-10	9.74993e-10	0.000585672	2.06664e-06
2.66801e-07	3.49056e-05	0.00169554	0.996519	2.15102e-07	7.08044e-05	1.81431e-07	1.23209e-11	0.00167888	2.2867e-08
1.0	1.67848e-24	6.04125e-08	1.18518e-13	6.46924e-20	5.43817e-10	2.24403e-11	1.67195e-16	8.21567e-11	1.32632e-16
1.0	3.05609e-22	1.61315e-08	6.28267e-14	3.01363e-13	1.95434e-07	4.16341e-09	2.68953e-15	1.50373e-09	2.6681e-12
1.98836e-10	4.1851e-12	4.3265e-05	0.588825	1.13332e-06	0.410945	4.53229e-06	7.57151e-10	0.000174379	7.30033e-06
3.87883e-13	0.995866	5.58339e-06	0.00386556	2.1234e-10	5.91491e-06	2.18697e-06	9.09788e-09	0.000254952	1.86797e-08
8.89034e-11	2.10009e-11	2.5724e-06	5.62082e-10	1.54092e-07	1.04128e-09	8.90821e-09	8.08386e-07	0.000692354	0.999304
1.59491e-10	5.73291e-10	2.89002e-08	7.7814e-11	1.94308e-10	1.92505e-05	0.999978	1.19109e-18	2.35284e-06	3.12577e-11
2.69266e-08	1.09748e-05	2.68165e-10	2.55254e-07	0.00147205	0.00756778	5.82957e-06	3.33901e-06	0.990939	3.56228e-07
1.01502e-05	3.07768e-10	0.838792	0.160253	4.39909e-07	7.53744e-09	6.77814e-05	3.07347e-15	0.000875814	1.35851e-09
3.96815e-08	1.15277e-12	2.74511e-07	0.00248234	6.54442e-07	0.996669	6.62522e-08	1.31307e-17	0.000847832	3.10246e-10
1.18604e-10	0.136008	2.01861e-07	0.000412698	1.13908e-07	0.000518297	3.90888e-08	0.836621	0.0251265	0.00131387
4.79147e-08	8.93554e-05	0.000136213	0.0424194	5.13104e-07	0.000742549	8.89023e-10	0.950504	0.00509103	0.00101732
1.76144e-11	1.10554e-07	9.5119e-06	0.000116373	0.00740809	0.00362359	1.62754e-08	8.10505e-05	0.0210744	0.967687
1.27076e-06	0.00189819	3.654e-05	0.996281	5.70799e-09	0.000114554	3.16101e-13	4.26404e-06	0.00155034	0.000113754
0.653067	3.78975e-05	0.00339969	0.0450197	0.000130129	0.121524	0.000175168	0.00413214	0.0199464	0.152567
2.1486e-09	2.80315e-10	0.000679884	1.27832e-05	0.455091	1.9182e-06	0.000603917	0.000191847	0.0664472	0.476972
3.03001e-07	2.29023e-07	0.296522	4.01645e-08	5.74346e-16	0.0126078	0.690253	1.60799e-18	0.000617046	1.97132e-12
0.999848	3.158e-20	8.25736e-12	7.61365e-13	2.76358e-14	0.000152327	2.04697e-10	7.43086e-15	1.24673e-08	1.28236e-14
3.56654e-10	4.46633e-07	4.47843e-06	1.03393e-09	1.94793e-09	1.39638e-07	7.06036e-10	0.994823	1.90524e-05	0.00515317
1.26791e-13	0.999587	5.79928e-07	0.000389042	2.72362e-11	1.6311e-09	4.5224e-08	5.80056e-09	2.3864e-05	4.173e-09
4.3215e-11	0.999084	9.81908e-08	0.000888767	1.49294e-10	4.7758e-07	8.52755e-08	1.40732e-06	2.5335e-05	2.31905e-08
1.58657e-11	0.000247982	0.999697	1.52042e-05	4.71112e-13	1.05673e-09	1.1705e-11	1.50426e-13	3.93254e-05	1.03808e-11
1.53081e-11	0.998036	7.81071e-06	0.00195219	4.48362e-10	4.54357e-08	8.22678e-08	7.86255e-07	3.25257e-06	2.87384e-07
1.96375e-08	3.70554e-10	9.73469e-10	1.07711e-06	3.20055e-06	0.995209	2.50981e-11	1.06167e-11	0.00478699	9.63088e-10
0.000623041	2.38115e-07	7.56484e-07	0.998896	3.37195e-08	0.000225579	7.01031e-10	1.97125e-06	0.000250194	2.3842e-06
6.88954e-07	0.000246249	0.182649	0.808039	7.20622e-07	0.00480889	3.37914e-08	3.95457e-07	0.00425474	3.64477e-08
2.23905e-11	2.58745e-12	2.36453e-07	3.81084e-06	0.00359408	1.5708e-08	9.47773e-12	1.47089e-06	6.10335e-06	0.996394
6.68406e-09	5.75467e-10	7.06985e-06	0.148379	4.92374e-10	9.43925e-09	9.26802e-13	0.851607	1.35734e-07	7.0964e-06
1.20818e-06	2.9937e-11	2.16889e-07	5.4535e-07	5.24979e-07	0.022916	2.5654e-13	1.79858e-17	0.977081	1.21462e-07
2.25078e-08	4.26113e-13	0.00237526	2.5497e-11	1.09991e-05	5.99998e-07	0.997564	1.92697e-10	4.88123e-05	1.43053e-08
6.17082e-10	0.000251627	0.00021118	0.995974	3.16617e-11	0.000363711	0.00232091	0.000104288	0.000774639	4.98347e-08
3.10364e-06	4.15943e-06	7.61725e-06	0.012066	0.860266	0.000487261	0.122233	0.00225013	9.14969e-05	0.00259082
3.17289e-12	0.999254	1.55925e-05	0.000192132	1.09572e-10	3.57209e-06	1.0013e-07	2.08252e-08	0.000534195	3.19858e-07
5.52466e-06	1.90991e-10	2.33455e-09	0.998417	3.04764e-16	0.00157681	1.34689e-14	6.28809e-13	3.7195e-07	1.92544e-12
3.3493e-08	0.000110513	4.48987e-05	0.00195067	1.43372e-08	0.522587	5.68334e-05	2.15143e-08	0.473288	0.00196193
5.83115e-15	0.999215	1.03068e-06	0.000484858	1.55605e-09	8.1947e-09	3.10224e-09	3.11199e-09	0.000297642	1.92876e-06
0.998346	5.81155e-13	1.11604e-05	0.0015419	1.4188e-12	6.81579e-05	5.92551e-10	4.51626e-11	2.78863e-05	4.98126e-06
4.08127e-10	3.36234e-16	5.39489e-11	9.6013e-08	1.89348e-07	0.999885	2.12483e-09	1.03618e-13	0.000115078	1.41664e-09
3.40621e-10	0.998505	0.000946433	9.33241e-05	1.39603e-13	1.18643e-05	3.24687e-07	3.84161e-07	0.000442279	2.0216e-08
2.05779e-12	1.53796e-07	2.51714e-05	0.919113	6.44084e-07	1.09939e-07	3.39411e-11	0.0445966	0.000785743	0.0354785
8.07686e-16	0.991657	8.11279e-07	0.00831108	6.25378e-10	1.9681e-05	2.76874e-08	4.35922e-07	4.31471e-06	7.06739e-06
